[
    0.1372777372598648,
    0.11299512535333633,
    -0.0074346186593174934,
    0.09086204320192337,
    -0.0035246580373495817,
    -0.01792021282017231,
    -0.02577980048954487,
    0.1502472162246704,
    -0.2816368341445923,
    -0.3074217438697815,
    -0.001260814955458045,
    -0.01727871038019657,
    -0.03959254175424576,
    0.008677312172949314,
    0.14699772000312805,
    -0.0035100479144603014,
    -0.0305499080568552,
    -0.0020023954566568136,
    0.001961042871698737,
    -0.2796567380428314,
    0.10334745794534683,
    -0.28842592239379883,
    0.022470396012067795,
    -0.26783162355422974,
    -0.24013499915599823,
    -0.0018621707567945123,
    0.11548913270235062,
    0.11922341585159302,
    0.006139982026070356,
    -0.003543023020029068,
    -0.011073239147663116,
    0.007421213202178478
]
