[
    [
        4.828937530517578,
        -2.324244976043701,
        -2.6169915199279785,
        -0.9815837144851685,
        -3.655817747116089,
        -3.2496485710144043,
        -2.2478973865509033,
        5.337552070617676,
        3.3449525833129883,
        2.9067933559417725,
        -3.55487060546875,
        -2.48893404006958,
        4.589285850524902,
        -1.8616197109222412,
        5.47892951965332,
        -2.6062517166137695,
        0.03329189494252205,
        -2.037782669067383,
        -2.790745973587036,
        3.297116279602051,
        4.66602087020874,
        3.1673367023468018,
        -1.5452723503112793,
        3.3231301307678223,
        3.8373055458068848,
        -2.868516683578491,
        -1.279207706451416,
        5.168569564819336,
        -1.9954453706741333,
        -3.231963872909546,
        -2.2699832916259766,
        -1.4236735105514526
    ]
]